#interval_tag	giter	x	y	end	mol_length	mol_sites	mapid	x0_loc	x1_loc	x0_site	x1_site
interval_errors	2	9.25762	21.7391	1	3773.21	300	1	3763.95	3773.21	300	301
interval_errors	2	5.39577	5.4087	0	3773.21	300	1	3126.46	3131.86	245	246
interval_errors	2	2.55603	2.3812	0	3773.21	300	1	3131.86	3134.41	246	247
interval_errors	2	13.1833	13.5339	0	3773.21	300	1	3134.41	3147.6	247	248
interval_errors	2	7.32772	7.385	0	3773.21	300	1	3147.6	3154.93	248	249
interval_errors	2	15.0177	15.2251	0	3773.21	300	1	3154.93	3169.94	249	250
interval_errors	2	26.1216	26.3355	0	3773.21	300	1	3169.94	3196.06	250	251
interval_errors	2	9.15454	9.2838	0	3773.21	300	1	3196.06	3205.22	251	252
interval_errors	2	26.8421	26.9193	0	3773.21	300	1	3205.22	3232.06	252	253
interval_errors	2	3.71693	3.8429	0	3773.21	300	1	3232.06	3235.78	253	254
interval_errors	2	8.3784	8.7813	0	3773.21	300	1	3235.78	3244.16	254	255
interval_errors	2	4.84517	4.3451	0	3773.21	300	1	3244.16	3249	255	257
interval_errors	2	9.17291	9.3269	0	3773.21	300	1	3249	3258.17	257	258
interval_errors	2	11.8917	11.9758	0	3773.21	300	1	3258.17	3270.07	258	259
interval_errors	2	10.5762	10.5927	0	3773.21	300	1	3270.07	3280.64	259	260
interval_errors	2	20.1053	19.1267	0	3773.21	300	1	3280.64	3300.75	260	262
interval_errors	2	3.47709	4.118	0	3773.21	300	1	3300.75	3304.22	262	263
interval_errors	2	9.22292	9.4307	0	3773.21	300	1	3304.22	3313.45	263	264
interval_errors	2	21.0126	20.9085	0	3773.21	300	1	3313.45	3334.46	264	265
interval_errors	2	7.62164	7.6753	0	3773.21	300	1	3334.46	3342.08	265	266
interval_errors	2	3.10969	3.0046	0	3773.21	300	1	3342.08	3345.19	266	267
interval_errors	2	5.91422	6.0306	0	3773.21	300	1	3345.19	3351.11	267	268
interval_errors	2	7.39405	7.808	0	3773.21	300	1	3351.11	3358.5	268	269
interval_errors	2	2.25343	1.8116	0	3773.21	300	1	3358.5	3360.75	269	270
interval_errors	2	20.2053	20.2854	0	3773.21	300	1	3360.75	3380.96	270	271
interval_errors	2	10.5568	10.5995	0	3773.21	300	1	3380.96	3391.52	271	272
interval_errors	2	5.15492	5.1562	0	3773.21	300	1	3391.52	3396.67	272	273
interval_errors	2	3.64447	3.6359	0	3773.21	300	1	3396.67	3400.31	273	274
interval_errors	2	3.24032	3.4141	0	3773.21	300	1	3400.31	3403.56	274	275
interval_errors	2	3.3883	3.3036	0	3773.21	300	1	3403.56	3406.94	275	276
interval_errors	2	12.8786	13.2035	0	3773.21	300	1	3406.94	3419.82	276	277
interval_errors	2	7.12666	7.1954	0	3773.21	300	1	3419.82	3426.95	277	278
interval_errors	2	34.5678	34.502	0	3773.21	300	1	3426.95	3461.52	278	279
interval_errors	2	12.254	12.3099	0	3773.21	300	1	3461.52	3473.77	279	280
interval_errors	2	16.4863	16.5899	0	3773.21	300	1	3473.77	3490.26	280	281
interval_errors	2	7.5451	7.6496	0	3773.21	300	1	3490.26	3497.8	281	282
interval_errors	2	3.48118	3.4008	0	3773.21	300	1	3497.8	3501.28	282	283
interval_errors	2	9.12495	9.2458	0	3773.21	300	1	3501.28	3510.41	283	284
interval_errors	2	44.5909	44.7445	0	3773.21	300	1	3510.41	3555	284	285
interval_errors	2	10.1894	9.8466	0	3773.21	300	1	3555	3565.19	285	287
interval_errors	2	35.2455	35.7347	0	3773.21	300	1	3565.19	3600.43	287	288
interval_errors	2	4.76965	4.9789	0	3773.21	300	1	3600.43	3605.2	288	289
interval_errors	2	19.2312	19.1144	0	3773.21	300	1	3605.2	3624.43	289	290
interval_errors	2	7.08686	7.0762	0	3773.21	300	1	3624.43	3631.52	290	291
interval_errors	2	7.61552	7.4988	0	3773.21	300	1	3631.52	3639.14	291	292
interval_errors	2	5.68919	5.6456	0	3773.21	300	1	3639.14	3644.83	292	293
interval_errors	2	29.7594	29.281	0	3773.21	300	1	3644.83	3674.59	293	294
interval_errors	2	15.6832	15.5991	0	3773.21	300	1	3674.59	3690.27	294	295
interval_errors	2	43.0264	42.3283	0	3773.21	300	1	3690.27	3733.3	295	296
interval_errors	2	14.5758	14.969	0	3773.21	300	1	3733.3	3747.87	296	297
interval_errors	2	11.4947	11.6683	0	3773.21	300	1	3747.87	3759.37	297	298
interval_errors	2	2.52082	2.3655	0	3773.21	300	1	3759.37	3761.89	298	299
interval_errors	2	2.06156	2.0914	0	3773.21	300	1	3761.89	3763.95	299	300
interval_errors	2	1.30838	9.1567	1	828.515	69	4	0	1.30838	0	1
interval_errors	2	1.8799	23.2278	1	828.515	69	4	826.635	828.515	69	70
interval_errors	2	19.5011	19.7128	0	828.515	69	4	1.30838	20.8095	1	2
interval_errors	2	16.3241	16.2859	0	828.515	69	4	20.8095	37.1336	2	3
interval_errors	2	9.16067	9.281	0	828.515	69	4	37.1336	46.2942	3	4
interval_errors	2	20.4186	20.5367	0	828.515	69	4	46.2942	66.7128	4	5
interval_errors	2	14.6177	14.2797	0	828.515	69	4	66.7128	81.3305	5	6
interval_errors	2	28.4383	28.6287	0	828.515	69	4	81.3305	109.769	6	7
interval_errors	2	2.24832	1.9014	0	828.515	69	4	109.769	112.017	7	8
interval_errors	2	31.154	31.0859	0	828.515	69	4	112.017	143.171	8	9
interval_errors	2	5.39271	5.4087	0	828.515	69	4	143.171	148.564	9	10
interval_errors	2	2.55603	2.3812	0	828.515	69	4	148.564	151.12	10	11
interval_errors	2	13.1843	13.5339	0	828.515	69	4	151.12	164.304	11	12
interval_errors	2	7.31037	7.385	0	828.515	69	4	164.304	171.615	12	13
interval_errors	2	15.0147	15.2251	0	828.515	69	4	171.615	186.629	13	14
interval_errors	2	26.1083	26.3355	0	828.515	69	4	186.629	212.738	14	15
interval_errors	2	9.15556	9.2838	0	828.515	69	4	212.738	221.893	15	16
interval_errors	2	26.8401	26.9193	0	828.515	69	4	221.893	248.733	16	17
interval_errors	2	3.71693	3.8429	0	828.515	69	4	248.733	252.45	17	18
interval_errors	2	8.3784	8.7813	0	828.515	69	4	252.45	260.828	18	19
interval_errors	2	4.84517	4.3451	0	828.515	69	4	260.828	265.674	19	21
interval_errors	2	9.177	9.3269	0	828.515	69	4	265.674	274.851	21	22
interval_errors	2	11.8825	11.9758	0	828.515	69	4	274.851	286.733	22	23
interval_errors	2	10.5803	10.5927	0	828.515	69	4	286.733	297.313	23	24
interval_errors	2	20.1114	19.1267	0	828.515	69	4	297.313	317.425	24	26
interval_errors	2	3.47709	4.118	0	828.515	69	4	317.425	320.902	26	27
interval_errors	2	9.24946	9.4307	0	828.515	69	4	320.902	330.151	27	28
interval_errors	2	21.0116	20.9085	0	828.515	69	4	330.151	351.163	28	29
interval_errors	2	7.62062	7.6753	0	828.515	69	4	351.163	358.784	29	30
interval_errors	2	3.10969	3.0046	0	828.515	69	4	358.784	361.893	30	31
interval_errors	2	5.91933	6.0306	0	828.515	69	4	361.893	367.813	31	32
interval_errors	2	7.39099	7.808	0	828.515	69	4	367.813	375.204	32	33
interval_errors	2	2.25343	1.8116	0	828.515	69	4	375.204	377.457	33	34
interval_errors	2	20.2053	20.2854	0	828.515	69	4	377.457	397.662	34	35
interval_errors	2	10.565	10.5995	0	828.515	69	4	397.662	408.227	35	36
interval_errors	2	5.16206	5.1562	0	828.515	69	4	408.227	413.389	36	37
interval_errors	2	3.64549	3.6359	0	828.515	69	4	413.389	417.035	37	38
interval_errors	2	3.24134	3.4141	0	828.515	69	4	417.035	420.276	38	39
interval_errors	2	3.38932	3.3036	0	828.515	69	4	420.276	423.666	39	40
interval_errors	2	12.8766	13.2035	0	828.515	69	4	423.666	436.542	40	41
interval_errors	2	7.12768	7.1954	0	828.515	69	4	436.542	443.67	41	42
interval_errors	2	34.5944	34.502	0	828.515	69	4	443.67	478.264	42	43
interval_errors	2	12.254	12.3099	0	828.515	69	4	478.264	490.518	43	44
interval_errors	2	16.4823	16.5899	0	828.515	69	4	490.518	507	44	45
interval_errors	2	7.54408	7.6496	0	828.515	69	4	507	514.545	45	46
interval_errors	2	3.48118	3.4008	0	828.515	69	4	514.545	518.026	46	47
interval_errors	2	9.12393	9.2458	0	828.515	69	4	518.026	527.15	47	48
interval_errors	2	44.5878	44.7445	0	828.515	69	4	527.15	571.737	48	49
interval_errors	2	10.1914	9.8466	0	828.515	69	4	571.737	581.929	49	51
interval_errors	2	35.2486	35.7347	0	828.515	69	4	581.929	617.177	51	52
interval_errors	2	4.77067	4.9789	0	828.515	69	4	617.177	621.948	52	53
interval_errors	2	19.2302	19.1144	0	828.515	69	4	621.948	641.178	53	54
interval_errors	2	7.09707	7.0762	0	828.515	69	4	641.178	648.275	54	55
interval_errors	2	7.54918	7.4988	0	828.515	69	4	648.275	655.825	55	56
interval_errors	2	5.69225	5.6456	0	828.515	69	4	655.825	661.517	56	57
interval_errors	2	29.7574	29.281	0	828.515	69	4	661.517	691.274	57	58
interval_errors	2	15.6832	15.5991	0	828.515	69	4	691.274	706.957	58	59
interval_errors	2	43.0529	42.3283	0	828.515	69	4	706.957	750.01	59	60
interval_errors	2	14.5748	14.969	0	828.515	69	4	750.01	764.585	60	61
interval_errors	2	11.4947	11.6683	0	828.515	69	4	764.585	776.08	61	62
interval_errors	2	2.51775	2.3655	0	828.515	69	4	776.08	778.597	62	63
interval_errors	2	2.05748	2.0914	0	828.515	69	4	778.597	780.655	63	64
interval_errors	2	21.1218	21.7391	0	828.515	69	4	780.655	801.777	64	65
interval_errors	2	2.13402	1.8558	0	828.515	69	4	801.777	803.911	65	66
interval_errors	2	17.9488	18.5892	0	828.515	69	4	803.911	821.86	66	67
interval_errors	2	4.77526	4.2351	0	828.515	69	4	821.86	826.635	67	69
interval_errors	2	10.9232	34.0502	1	1913.14	149	0	1902.22	1913.14	149	150
interval_errors	2	12.65	12.5593	0	1913.14	149	0	1200.53	1213.18	90	91
interval_errors	2	2.82801	2.619	0	1913.14	149	0	1213.18	1216	91	92
interval_errors	2	8.73917	8.9058	0	1913.14	149	0	1216	1224.74	92	93
interval_errors	2	4.64157	4.6956	0	1913.14	149	0	1224.74	1229.38	93	94
interval_errors	2	6.79498	6.7876	0	1913.14	149	0	1229.38	1236.18	94	95
interval_errors	2	6.23264	6.1608	0	1913.14	149	0	1236.18	1242.41	95	96
interval_errors	2	5.36822	5.4427	0	1913.14	149	0	1242.41	1247.78	96	97
interval_errors	2	11.2375	11.4003	0	1913.14	149	0	1247.78	1259.02	97	98
interval_errors	2	10.7232	10.8988	0	1913.14	149	0	1259.02	1269.74	98	99
interval_errors	2	5.4121	5.4189	0	1913.14	149	0	1269.74	1275.15	99	100
interval_errors	2	10.5609	10.1618	0	1913.14	149	0	1275.15	1285.71	100	102
interval_errors	2	3.40463	3.9414	0	1913.14	149	0	1285.71	1289.12	102	103
interval_errors	2	18.2826	18.3115	0	1913.14	149	0	1289.12	1307.4	103	104
interval_errors	2	6.01526	5.9318	0	1913.14	149	0	1307.4	1313.42	104	105
interval_errors	2	10.5823	10.6408	0	1913.14	149	0	1313.42	1324	105	106
interval_errors	2	7.31853	7.2427	0	1913.14	149	0	1324	1331.32	106	107
interval_errors	2	15.6893	15.8036	0	1913.14	149	0	1331.32	1347.01	107	108
interval_errors	2	28.9414	28.9404	0	1913.14	149	0	1347.01	1375.95	108	109
interval_errors	2	2.05441	1.7821	0	1913.14	149	0	1375.95	1378	109	110
interval_errors	2	11.3855	11.2151	0	1913.14	149	0	1378	1389.39	110	111
interval_errors	2	18.8714	18.7846	0	1913.14	149	0	1389.39	1408.26	111	112
interval_errors	2	15.7393	15.7726	0	1913.14	149	0	1408.26	1424	112	113
interval_errors	2	36.8335	36.2019	0	1913.14	149	0	1424	1460.83	113	114
interval_errors	2	7.73697	7.6758	0	1913.14	149	0	1460.83	1468.57	114	115
interval_errors	2	21.4443	21.2002	0	1913.14	149	0	1468.57	1490.01	115	116
interval_errors	2	23.265	23.2324	0	1913.14	149	0	1490.01	1513.28	116	117
interval_errors	2	12.2112	12.1361	0	1913.14	149	0	1513.28	1525.49	117	118
interval_errors	2	7.7533	7.6316	0	1913.14	149	0	1525.49	1533.24	118	119
interval_errors	2	10.4629	10.4904	0	1913.14	149	0	1533.24	1543.71	119	120
interval_errors	2	4.27008	4.285	0	1913.14	149	0	1543.71	1547.98	120	121
interval_errors	2	4.78649	4.7796	0	1913.14	149	0	1547.98	1552.76	121	122
interval_errors	2	52.8443	51.2417	0	1913.14	149	0	1552.76	1605.61	122	123
interval_errors	2	40.6943	40.4671	0	1913.14	149	0	1605.61	1646.3	123	124
interval_errors	2	14.5569	14.4801	0	1913.14	149	0	1646.3	1660.86	124	125
interval_errors	2	6.64648	6.7439	0	1913.14	149	0	1660.86	1667.5	125	126
interval_errors	2	3.71999	3.7466	0	1913.14	149	0	1667.5	1671.22	126	127
interval_errors	2	3.17602	3.1723	0	1913.14	149	0	1671.22	1674.4	127	128
interval_errors	2	10.7732	11.3418	0	1913.14	149	0	1674.4	1685.17	128	129
interval_errors	2	16.8619	16.3226	0	1913.14	149	0	1685.17	1702.04	129	131
interval_errors	2	7.69104	7.7394	0	1913.14	149	0	1702.04	1709.73	131	132
interval_errors	2	1.91255	1.6632	0	1913.14	149	0	1709.73	1711.64	132	133
interval_errors	2	2.58715	2.8033	0	1913.14	149	0	1711.64	1714.23	133	134
interval_errors	2	21.3596	21.0699	0	1913.14	149	0	1714.23	1735.59	134	136
interval_errors	2	43.3203	42.7186	0	1913.14	149	0	1735.59	1778.91	136	137
interval_errors	2	20.8881	20.876	0	1913.14	149	0	1778.91	1799.79	137	138
interval_errors	2	10.2996	10.2833	0	1913.14	149	0	1799.79	1810.09	138	139
interval_errors	2	5.9428	6.0277	0	1913.14	149	0	1810.09	1816.04	139	140
interval_errors	2	6.35817	6.5744	0	1913.14	149	0	1816.04	1822.4	140	141
interval_errors	2	2.04625	1.7859	0	1913.14	149	0	1822.4	1824.44	141	142
interval_errors	2	2.80862	3.0049	0	1913.14	149	0	1824.44	1827.25	142	143
interval_errors	2	12.3836	12.456	0	1913.14	149	0	1827.25	1839.63	143	144
interval_errors	2	21.1524	21.2578	0	1913.14	149	0	1839.63	1860.79	144	145
interval_errors	2	1.75335	1.4209	0	1913.14	149	0	1860.79	1862.54	145	146
interval_errors	2	12.3847	12.6951	0	1913.14	149	0	1862.54	1874.92	146	147
interval_errors	2	6.38777	6.1874	0	1913.14	149	0	1874.92	1881.31	147	148
interval_errors	2	20.9085	21.0237	0	1913.14	149	0	1881.31	1902.22	148	149
interval_errors	2	12.6857	12.5593	0	3267.05	263	2	2021.94	2034.63	171	172
interval_errors	2	2.82699	2.619	0	3267.05	263	2	2019.12	2021.94	170	171
interval_errors	2	8.75142	8.9058	0	3267.05	263	2	2010.37	2019.12	169	170
interval_errors	2	4.65688	4.6956	0	3267.05	263	2	2005.71	2010.37	168	169
interval_errors	2	6.79396	6.7876	0	3267.05	263	2	1998.91	2005.71	167	168
interval_errors	2	6.23366	6.1608	0	3267.05	263	2	1992.68	1998.91	166	167
interval_errors	2	5.36822	5.4427	0	3267.05	263	2	1987.31	1992.68	165	166
interval_errors	2	11.2426	11.4003	0	3267.05	263	2	1976.07	1987.31	164	165
interval_errors	2	10.7364	10.8988	0	3267.05	263	2	1965.33	1976.07	163	164
interval_errors	2	5.41108	5.4189	0	3267.05	263	2	1959.92	1965.33	162	163
interval_errors	2	10.566	10.1618	0	3267.05	263	2	1949.36	1959.92	160	162
interval_errors	2	3.40565	3.9414	0	3267.05	263	2	1945.95	1949.36	159	160
interval_errors	2	18.3234	18.3115	0	3267.05	263	2	1927.63	1945.95	158	159
interval_errors	2	6.01628	5.9318	0	3267.05	263	2	1921.61	1927.63	157	158
interval_errors	2	10.5854	10.6408	0	3267.05	263	2	1911.03	1921.61	156	157
interval_errors	2	7.33384	7.2427	0	3267.05	263	2	1903.69	1911.03	155	156
interval_errors	2	15.7107	15.8036	0	3267.05	263	2	1887.98	1903.69	154	155
interval_errors	2	28.9629	28.9404	0	3267.05	263	2	1859.02	1887.98	153	154
interval_errors	2	2.05441	1.7821	0	3267.05	263	2	1856.96	1859.02	152	153
interval_errors	2	11.3855	11.2151	0	3267.05	263	2	1845.58	1856.96	151	152
interval_errors	2	18.8775	18.7846	0	3267.05	263	2	1826.7	1845.58	150	151
interval_errors	2	15.7566	15.7726	0	3267.05	263	2	1810.94	1826.7	149	150
interval_errors	2	36.8417	36.2019	0	3267.05	263	2	1774.1	1810.94	148	149
interval_errors	2	7.75023	7.6758	0	3267.05	263	2	1766.35	1774.1	147	148
interval_errors	2	21.4841	21.2002	0	3267.05	263	2	1744.87	1766.35	146	147
interval_errors	2	23.3334	23.2324	0	3267.05	263	2	1721.53	1744.87	145	146
interval_errors	2	12.2122	12.1361	0	3267.05	263	2	1709.32	1721.53	144	145
interval_errors	2	7.76554	7.6316	0	3267.05	263	2	1701.56	1709.32	143	144
interval_errors	2	10.469	10.4904	0	3267.05	263	2	1691.09	1701.56	142	143
interval_errors	2	4.2762	4.285	0	3267.05	263	2	1686.81	1691.09	141	142
interval_errors	2	4.78649	4.7796	0	3267.05	263	2	1682.03	1686.81	140	141
interval_errors	2	52.8953	51.2417	0	3267.05	263	2	1629.13	1682.03	139	140
interval_errors	2	40.726	40.4671	0	3267.05	263	2	1588.4	1629.13	138	139
interval_errors	2	14.558	14.4801	0	3267.05	263	2	1573.85	1588.4	137	138
interval_errors	2	6.65975	6.7439	0	3267.05	263	2	1567.19	1573.85	136	137
interval_errors	2	3.72203	3.7466	0	3267.05	263	2	1563.46	1567.19	135	136
interval_errors	2	3.17807	3.1723	0	3267.05	263	2	1560.29	1563.46	134	135
interval_errors	2	10.8017	11.3418	0	3267.05	263	2	1549.48	1560.29	133	134
interval_errors	2	16.8558	16.3226	0	3267.05	263	2	1532.63	1549.48	131	133
interval_errors	2	7.69206	7.7394	0	3267.05	263	2	1524.94	1532.63	130	131
interval_errors	2	1.91255	1.6632	0	3267.05	263	2	1523.02	1524.94	129	130
interval_errors	2	2.58817	2.8033	0	3267.05	263	2	1520.44	1523.02	128	129
interval_errors	2	21.382	21.0699	0	3267.05	263	2	1499.05	1520.44	126	128
interval_errors	2	43.3733	42.7186	0	3267.05	263	2	1455.68	1499.05	125	126
interval_errors	2	20.9187	20.876	0	3267.05	263	2	1434.76	1455.68	124	125
interval_errors	2	10.2976	10.2833	0	3267.05	263	2	1424.46	1434.76	123	124
interval_errors	2	5.94688	6.0277	0	3267.05	263	2	1418.52	1424.46	122	123
interval_errors	2	6.36021	6.5744	0	3267.05	263	2	1412.16	1418.52	121	122
interval_errors	2	2.04523	1.7859	0	3267.05	263	2	1410.11	1412.16	120	121
interval_errors	2	2.80658	3.0049	0	3267.05	263	2	1407.31	1410.11	119	120
interval_errors	2	12.3938	12.456	0	3267.05	263	2	1394.91	1407.31	118	119
interval_errors	2	21.183	21.2578	0	3267.05	263	2	1373.73	1394.91	117	118
interval_errors	2	1.75232	1.4209	0	3267.05	263	2	1371.98	1373.73	116	117
interval_errors	2	12.3877	12.6951	0	3267.05	263	2	1359.59	1371.98	115	116
interval_errors	2	6.40206	6.1874	0	3267.05	263	2	1353.19	1359.59	114	115
interval_errors	2	20.9177	21.0237	0	3267.05	263	2	1332.27	1353.19	113	114
interval_errors	2	34.2433	34.0502	0	3267.05	263	2	1298.03	1332.27	112	113
interval_errors	2	24.504	24.5782	0	3267.05	263	2	1273.52	1298.03	111	112
interval_errors	2	8.00742	8.0433	0	3267.05	263	2	1265.51	1273.52	110	111
interval_errors	2	22.5016	22.4337	0	3267.05	263	2	1243.01	1265.51	109	110
interval_errors	2	3.84042	4.4914	0	3267.05	263	2	1239.17	1243.01	108	109
interval_errors	2	15.1198	14.3616	0	3267.05	263	2	1224.05	1239.17	106	108
interval_errors	2	2.79127	2.7213	0	3267.05	263	2	1221.26	1224.05	105	106
interval_errors	2	21.0657	21.2017	0	3267.05	263	2	1200.2	1221.26	104	105
interval_errors	2	9.26783	9.2761	0	3267.05	263	2	1190.93	1200.2	103	104
interval_errors	2	26.7594	26.789	0	3267.05	263	2	1164.17	1190.93	102	103
interval_errors	2	3.22399	3.5202	0	3267.05	263	2	1160.94	1164.17	101	102
interval_errors	2	7.71043	7.3583	0	3267.05	263	2	1153.23	1160.94	99	101
interval_errors	2	14.0768	14.1871	0	3267.05	263	2	1139.16	1153.23	98	99
interval_errors	2	3.62712	3.6018	0	3267.05	263	2	1135.53	1139.16	97	98
interval_errors	2	61.0252	60.41	0	3267.05	263	2	1074.5	1135.53	96	97
interval_errors	2	2.00339	1.7146	0	3267.05	263	2	1072.5	1074.5	95	96
interval_errors	2	20.6431	20.6795	0	3267.05	263	2	1051.86	1072.5	94	95
interval_errors	2	3.52302	3.5789	0	3267.05	263	2	1048.34	1051.86	93	94
interval_errors	2	2.87291	2.7624	0	3267.05	263	2	1045.46	1048.34	92	93
interval_errors	2	5.12838	5.2098	0	3267.05	263	2	1040.33	1045.46	91	92
interval_errors	2	3.98636	3.9228	0	3267.05	263	2	1036.35	1040.33	90	91
interval_errors	2	14.9892	15.0454	0	3267.05	263	2	1021.36	1036.35	89	90
interval_errors	2	11.1814	11.5271	0	3267.05	263	2	1010.18	1021.36	88	89
interval_errors	2	8.69631	8.3516	0	3267.05	263	2	1001.48	1010.18	86	88
interval_errors	2	21.1728	21.2446	0	3267.05	263	2	980.308	1001.48	85	86
interval_errors	2	18.7418	18.8748	0	3267.05	263	2	961.566	980.308	84	85
interval_errors	2	14.7657	14.7637	0	3267.05	263	2	946.8	961.566	83	84
interval_errors	2	21.6229	21.6178	0	3267.05	263	2	925.177	946.8	82	83
interval_errors	2	9.6036	9.6527	0	3267.05	263	2	915.574	925.177	81	82
interval_errors	2	9.38621	9.3121	0	3267.05	263	2	906.188	915.574	80	81
interval_errors	2	7.05624	7.1532	0	3267.05	263	2	899.131	906.188	79	80
interval_errors	2	5.31719	5.4535	0	3267.05	263	2	893.814	899.131	78	79
interval_errors	2	3.0607	2.9578	0	3267.05	263	2	890.753	893.814	77	78
interval_errors	2	18.3703	18.3045	0	3267.05	263	2	872.383	890.753	76	77
interval_errors	2	4.6977	4.7032	0	3267.05	263	2	867.685	872.383	75	76
interval_errors	2	22.7925	22.6594	0	3267.05	263	2	844.893	867.685	74	75
interval_errors	2	10.4558	10.0741	0	3267.05	263	2	834.437	844.893	73	74
interval_errors	2	1.98399	1.6711	0	3267.05	263	2	832.453	834.437	72	73
interval_errors	2	30.1508	30.1227	0	3267.05	263	2	802.302	832.453	71	72
interval_errors	2	3.3138	3.1378	0	3267.05	263	2	798.989	802.302	70	71
interval_errors	2	8.48096	8.6221	0	3267.05	263	2	790.508	798.989	69	70
interval_errors	2	3.45566	3.3486	0	3267.05	263	2	787.052	790.508	68	69
interval_errors	2	32.2532	31.9408	0	3267.05	263	2	754.799	787.052	67	68
interval_errors	2	3.51485	3.5762	0	3267.05	263	2	751.284	754.799	66	67
interval_errors	2	22.1413	22.1246	0	3267.05	263	2	729.143	751.284	65	66
interval_errors	2	20.3962	20.5188	0	3267.05	263	2	708.746	729.143	64	65
interval_errors	2	13.2991	13.2387	0	3267.05	263	2	695.447	708.746	63	64
interval_errors	2	4.97938	5.0085	0	3267.05	263	2	690.468	695.447	62	63
interval_errors	2	4.68902	4.6843	0	3267.05	263	2	685.779	690.468	61	62
interval_errors	2	2.40294	2.1861	0	3267.05	263	2	683.376	685.779	60	61
interval_errors	2	2.94844	3.1404	0	3267.05	263	2	680.428	683.376	59	60
interval_errors	2	4.81609	4.8687	0	3267.05	263	2	675.611	680.428	58	59
interval_errors	2	8.01558	8.1041	0	3267.05	263	2	667.596	675.611	57	58
interval_errors	2	2.52388	2.2621	0	3267.05	263	2	665.072	667.596	56	57
interval_errors	2	4.22619	4.4794	0	3267.05	263	2	660.846	665.072	55	56
interval_errors	2	10.1853	9.84	0	3267.05	263	2	650.66	660.846	53	55
interval_errors	2	11.3488	11.7705	0	3267.05	263	2	639.312	650.66	52	53
interval_errors	2	11.5539	11.641	0	3267.05	263	2	627.758	639.312	51	52
interval_errors	2	23.4834	23.164	0	3267.05	263	2	604.274	627.758	50	51
interval_errors	2	32.3889	32.1101	0	3267.05	263	2	571.885	604.274	49	50
interval_errors	2	7.90026	7.8501	0	3267.05	263	2	563.985	571.885	48	49
interval_errors	2	27.0809	27.0519	0	3267.05	263	2	536.904	563.985	47	48
interval_errors	2	15.031	15.0404	0	3267.05	263	2	521.873	536.904	46	47
interval_errors	2	11.4457	11.4112	0	3267.05	263	2	510.428	521.873	45	46
interval_errors	2	6.22958	6.1163	0	3267.05	263	2	504.198	510.428	44	45
interval_errors	2	22.0648	22.573	0	3267.05	263	2	482.133	504.198	43	44
interval_errors	2	3.68019	3.1572	0	3267.05	263	2	478.453	482.133	41	43
interval_errors	2	15.0024	14.3977	0	3267.05	263	2	463.451	478.453	39	41
interval_errors	2	3.3832	3.10985	0	3267.05	263	2	460.067	463.451	37	39
interval_errors	2	8.16765	8.2894	0	3267.05	263	2	451.9	460.067	36	37
interval_errors	2	5.49273	5.5	0	3267.05	263	2	446.407	451.9	35	36
interval_errors	2	3.03212	2.9306	0	3267.05	263	2	443.375	446.407	34	35
interval_errors	2	7.838	7.8776	0	3267.05	263	2	435.537	443.375	33	34
interval_errors	2	6.02853	6.081	0	3267.05	263	2	429.508	435.537	32	33
interval_errors	2	5.17839	5.2224	0	3267.05	263	2	424.33	429.508	31	32
interval_errors	2	2.49224	2.5063	0	3267.05	263	2	421.838	424.33	30	31
interval_errors	2	1.99522	1.832	0	3267.05	263	2	419.842	421.838	29	30
interval_errors	2	8.53608	8.6915	0	3267.05	263	2	411.306	419.842	28	29
interval_errors	2	23.3722	22.9861	0	3267.05	263	2	387.934	411.306	27	28
interval_errors	2	5.96831	5.8974	0	3267.05	263	2	381.966	387.934	26	27
interval_errors	2	5.14981	5.1389	0	3267.05	263	2	376.816	381.966	25	26
interval_errors	2	3.98024	3.8927	0	3267.05	263	2	372.836	376.816	24	25
interval_errors	2	17.5738	17.429	0	3267.05	263	2	355.262	372.836	23	24
interval_errors	2	2.99181	2.9305	0	3267.05	263	2	352.27	355.262	22	23
interval_errors	2	14.3799	14.3475	0	3267.05	263	2	337.89	352.27	21	22
interval_errors	2	3.0954	3.0251	0	3267.05	263	2	334.795	337.89	20	21
interval_errors	2	17.9968	17.8652	0	3267.05	263	2	316.798	334.795	19	20
interval_errors	2	7.31241	7.3012	0	3267.05	263	2	309.486	316.798	18	19
interval_errors	2	33.2727	33.0634	0	3267.05	263	2	276.213	309.486	17	18
interval_errors	2	5.72031	5.6507	0	3267.05	263	2	270.493	276.213	16	17
interval_errors	2	4.85334	4.7738	0	3267.05	263	2	265.639	270.493	15	16
interval_errors	2	4.23079	4.1456	0	3267.05	263	2	261.409	265.639	14	15
interval_errors	2	13.2919	13.5677	0	3267.05	263	2	248.117	261.409	10	14
interval_errors	2	12.6929	12.5593	0	3262.02	263	5	2016.13	2028.82	171	172
interval_errors	2	2.82903	2.619	0	3262.02	263	5	2013.3	2016.13	170	171
interval_errors	2	8.75754	8.9058	0	3262.02	263	5	2004.54	2013.3	169	170
interval_errors	2	4.65892	4.6956	0	3262.02	263	5	1999.88	2004.54	168	169
interval_errors	2	6.79498	6.7876	0	3262.02	263	5	1993.08	1999.88	167	168
interval_errors	2	6.23877	6.1608	0	3262.02	263	5	1986.85	1993.08	166	167
interval_errors	2	5.36822	5.4427	0	3262.02	263	5	1981.48	1986.85	165	166
interval_errors	2	11.2467	11.4003	0	3262.02	263	5	1970.23	1981.48	164	165
interval_errors	2	10.7456	10.8988	0	3262.02	263	5	1959.49	1970.23	163	164
interval_errors	2	5.41312	5.4189	0	3262.02	263	5	1954.07	1959.49	162	163
interval_errors	2	10.566	10.1618	0	3262.02	263	5	1943.51	1954.07	160	162
interval_errors	2	3.40667	3.9414	0	3262.02	263	5	1940.1	1943.51	159	160
interval_errors	2	18.3377	18.3115	0	3262.02	263	5	1921.76	1940.1	158	159
interval_errors	2	6.02138	5.9318	0	3262.02	263	5	1915.74	1921.76	157	158
interval_errors	2	10.5854	10.6408	0	3262.02	263	5	1905.16	1915.74	156	157
interval_errors	2	7.33486	7.2427	0	3262.02	263	5	1897.82	1905.16	155	156
interval_errors	2	15.7179	15.8036	0	3262.02	263	5	1882.1	1897.82	154	155
interval_errors	2	28.971	28.9404	0	3262.02	263	5	1853.13	1882.1	153	154
interval_errors	2	2.05543	1.7821	0	3262.02	263	5	1851.08	1853.13	152	153
interval_errors	2	11.3937	11.2151	0	3262.02	263	5	1839.68	1851.08	151	152
interval_errors	2	18.8847	18.7846	0	3262.02	263	5	1820.8	1839.68	150	151
interval_errors	2	15.7648	15.7726	0	3262.02	263	5	1805.03	1820.8	149	150
interval_errors	2	36.856	36.2019	0	3262.02	263	5	1768.18	1805.03	148	149
interval_errors	2	7.75228	7.6758	0	3262.02	263	5	1760.42	1768.18	147	148
interval_errors	2	21.4912	21.2002	0	3262.02	263	5	1738.93	1760.42	146	147
interval_errors	2	23.3517	23.2324	0	3262.02	263	5	1715.58	1738.93	145	146
interval_errors	2	12.2163	12.1361	0	3262.02	263	5	1703.37	1715.58	144	145
interval_errors	2	7.77575	7.6316	0	3262.02	263	5	1695.59	1703.37	143	144
interval_errors	2	10.4731	10.4904	0	3262.02	263	5	1685.12	1695.59	142	143
interval_errors	2	4.28233	4.285	0	3262.02	263	5	1680.83	1685.12	141	142
interval_errors	2	4.78751	4.7796	0	3262.02	263	5	1676.05	1680.83	140	141
interval_errors	2	52.9371	51.2417	0	3262.02	263	5	1623.11	1676.05	139	140
interval_errors	2	40.7505	40.4671	0	3262.02	263	5	1582.36	1623.11	138	139
interval_errors	2	14.5621	14.4801	0	3262.02	263	5	1567.8	1582.36	137	138
interval_errors	2	6.65975	6.7439	0	3262.02	263	5	1561.14	1567.8	136	137
interval_errors	2	3.72101	3.7466	0	3262.02	263	5	1557.42	1561.14	135	136
interval_errors	2	3.17909	3.1723	0	3262.02	263	5	1554.24	1557.42	134	135
interval_errors	2	10.8099	11.3418	0	3262.02	263	5	1543.43	1554.24	133	134
interval_errors	2	16.864	16.3226	0	3262.02	263	5	1526.56	1543.43	131	133
interval_errors	2	7.69308	7.7394	0	3262.02	263	5	1518.87	1526.56	130	131
interval_errors	2	1.91358	1.6632	0	3262.02	263	5	1516.96	1518.87	129	130
interval_errors	2	2.58919	2.8033	0	3262.02	263	5	1514.37	1516.96	128	129
interval_errors	2	21.3871	21.0699	0	3262.02	263	5	1492.98	1514.37	126	128
interval_errors	2	43.3999	42.7186	0	3262.02	263	5	1449.58	1492.98	125	126
interval_errors	2	20.9309	20.876	0	3262.02	263	5	1428.65	1449.58	124	125
interval_errors	2	10.3037	10.2833	0	3262.02	263	5	1418.35	1428.65	123	124
interval_errors	2	5.97342	6.0277	0	3262.02	263	5	1412.37	1418.35	122	123
interval_errors	2	6.36123	6.5744	0	3262.02	263	5	1406.01	1412.37	121	122
interval_errors	2	2.04625	1.7859	0	3262.02	263	5	1403.97	1406.01	120	121
interval_errors	2	2.81168	3.0049	0	3262.02	263	5	1401.15	1403.97	119	120
interval_errors	2	12.4081	12.456	0	3262.02	263	5	1388.75	1401.15	118	119
interval_errors	2	21.1871	21.2578	0	3262.02	263	5	1367.56	1388.75	117	118
interval_errors	2	1.75335	1.4209	0	3262.02	263	5	1365.8	1367.56	116	117
interval_errors	2	12.3908	12.6951	0	3262.02	263	5	1353.41	1365.8	115	116
interval_errors	2	6.40206	6.1874	0	3262.02	263	5	1347.01	1353.41	114	115
interval_errors	2	20.9218	21.0237	0	3262.02	263	5	1326.09	1347.01	113	114
interval_errors	2	34.2821	34.0502	0	3262.02	263	5	1291.81	1326.09	112	113
interval_errors	2	24.5193	24.5782	0	3262.02	263	5	1267.29	1291.81	111	112
interval_errors	2	8.00844	8.0433	0	3262.02	263	5	1259.28	1267.29	110	111
interval_errors	2	22.5118	22.4337	0	3262.02	263	5	1236.77	1259.28	109	110
interval_errors	2	3.84042	4.4914	0	3262.02	263	5	1232.93	1236.77	108	109
interval_errors	2	15.1269	14.3616	0	3262.02	263	5	1217.8	1232.93	106	108
interval_errors	2	2.79127	2.7213	0	3262.02	263	5	1215.01	1217.8	105	106
interval_errors	2	21.0871	21.2017	0	3262.02	263	5	1193.92	1215.01	104	105
interval_errors	2	9.27497	9.2761	0	3262.02	263	5	1184.65	1193.92	103	104
interval_errors	2	26.7839	26.789	0	3262.02	263	5	1157.86	1184.65	102	103
interval_errors	2	3.23011	3.5202	0	3262.02	263	5	1154.63	1157.86	101	102
interval_errors	2	7.71349	7.3583	0	3262.02	263	5	1146.92	1154.63	99	101
interval_errors	2	14.0788	14.1871	0	3262.02	263	5	1132.84	1146.92	98	99
interval_errors	2	3.6312	3.6018	0	3262.02	263	5	1129.21	1132.84	97	98
interval_errors	2	61.0691	60.41	0	3262.02	263	5	1068.14	1129.21	96	97
interval_errors	2	2.00339	1.7146	0	3262.02	263	5	1066.14	1068.14	95	96
interval_errors	2	20.6544	20.6795	0	3262.02	263	5	1045.48	1066.14	94	95
interval_errors	2	3.52506	3.5789	0	3262.02	263	5	1041.96	1045.48	93	94
interval_errors	2	2.87496	2.7624	0	3262.02	263	5	1039.08	1041.96	92	93
interval_errors	2	5.13348	5.2098	0	3262.02	263	5	1033.95	1039.08	91	92
interval_errors	2	3.9884	3.9228	0	3262.02	263	5	1029.96	1033.95	90	91
interval_errors	2	14.9932	15.0454	0	3262.02	263	5	1014.97	1029.96	89	90
interval_errors	2	11.1916	11.5271	0	3262.02	263	5	1003.78	1014.97	88	89
interval_errors	2	8.69733	8.3516	0	3262.02	263	5	995.079	1003.78	86	88
interval_errors	2	21.184	21.2446	0	3262.02	263	5	973.895	995.079	85	86
interval_errors	2	18.7551	18.8748	0	3262.02	263	5	955.14	973.895	84	85
interval_errors	2	14.781	14.7637	0	3262.02	263	5	940.359	955.14	83	84
interval_errors	2	21.6402	21.6178	0	3262.02	263	5	918.719	940.359	82	83
interval_errors	2	9.6036	9.6527	0	3262.02	263	5	909.116	918.719	81	82
interval_errors	2	9.3903	9.3121	0	3262.02	263	5	899.725	909.116	80	81
interval_errors	2	7.05727	7.1532	0	3262.02	263	5	892.668	899.725	79	80
interval_errors	2	5.32229	5.4535	0	3262.02	263	5	887.346	892.668	78	79
interval_errors	2	3.06376	2.9578	0	3262.02	263	5	884.282	887.346	77	78
interval_errors	2	18.3795	18.3045	0	3262.02	263	5	865.902	884.282	76	77
interval_errors	2	4.69872	4.7032	0	3262.02	263	5	861.204	865.902	75	76
interval_errors	2	22.8057	22.6594	0	3262.02	263	5	838.398	861.204	74	75
interval_errors	2	10.4578	10.0741	0	3262.02	263	5	827.94	838.398	73	74
interval_errors	2	1.98399	1.6711	0	3262.02	263	5	825.956	827.94	72	73
interval_errors	2	30.1722	30.1227	0	3262.02	263	5	795.784	825.956	71	72
interval_errors	2	3.3138	3.1378	0	3262.02	263	5	792.47	795.784	70	71
interval_errors	2	8.49525	8.6221	0	3262.02	263	5	783.975	792.47	69	70
interval_errors	2	3.45464	3.3486	0	3262.02	263	5	780.52	783.975	68	69
interval_errors	2	32.2705	31.9408	0	3262.02	263	5	748.25	780.52	67	68
interval_errors	2	3.52608	3.5762	0	3262.02	263	5	744.724	748.25	66	67
interval_errors	2	22.1628	22.1246	0	3262.02	263	5	722.561	744.724	65	66
interval_errors	2	20.4288	20.5188	0	3262.02	263	5	702.132	722.561	64	65
interval_errors	2	13.3215	13.2387	0	3262.02	263	5	688.811	702.132	63	64
interval_errors	2	4.97938	5.0085	0	3262.02	263	5	683.831	688.811	62	63
interval_errors	2	4.69107	4.6843	0	3262.02	263	5	679.14	683.831	61	62
interval_errors	2	2.40396	2.1861	0	3262.02	263	5	676.736	679.14	60	61
interval_errors	2	2.94844	3.1404	0	3262.02	263	5	673.788	676.736	59	60
interval_errors	2	4.81813	4.8687	0	3262.02	263	5	668.97	673.788	58	59
interval_errors	2	8.01558	8.1041	0	3262.02	263	5	660.954	668.97	57	58
interval_errors	2	2.52694	2.2621	0	3262.02	263	5	658.427	660.954	56	57
interval_errors	2	4.22722	4.4794	0	3262.02	263	5	654.2	658.427	55	56
interval_errors	2	10.1874	9.84	0	3262.02	263	5	644.012	654.2	53	55
interval_errors	2	11.3549	11.7705	0	3262.02	263	5	632.658	644.012	52	53
interval_errors	2	11.557	11.641	0	3262.02	263	5	621.101	632.658	51	52
interval_errors	2	23.4926	23.164	0	3262.02	263	5	597.608	621.101	50	51
interval_errors	2	32.4185	32.1101	0	3262.02	263	5	565.189	597.608	49	50
interval_errors	2	7.90434	7.8501	0	3262.02	263	5	557.285	565.189	48	49
interval_errors	2	27.0962	27.0519	0	3262.02	263	5	530.189	557.285	47	48
interval_errors	2	15.0341	15.0404	0	3262.02	263	5	515.155	530.189	46	47
interval_errors	2	11.4478	11.4112	0	3262.02	263	5	503.707	515.155	45	46
interval_errors	2	6.23264	6.1163	0	3262.02	263	5	497.474	503.707	44	45
interval_errors	2	22.075	22.573	0	3262.02	263	5	475.399	497.474	43	44
interval_errors	2	3.68019	3.1572	0	3262.02	263	5	471.719	475.399	41	43
interval_errors	2	15.0096	14.3977	0	3262.02	263	5	456.71	471.719	39	41
interval_errors	2	3.3832	3.10985	0	3262.02	263	5	453.326	456.71	37	39
interval_errors	2	8.17071	8.2894	0	3262.02	263	5	445.156	453.326	36	37
interval_errors	2	5.50191	5.5	0	3262.02	263	5	439.654	445.156	35	36
interval_errors	2	3.03621	2.9306	0	3262.02	263	5	436.618	439.654	34	35
interval_errors	2	7.84311	7.8776	0	3262.02	263	5	428.775	436.618	33	34
interval_errors	2	6.03159	6.081	0	3262.02	263	5	422.743	428.775	32	33
interval_errors	2	5.17839	5.2224	0	3262.02	263	5	417.565	422.743	31	32
interval_errors	2	2.49224	2.5063	0	3262.02	263	5	415.072	417.565	30	31
interval_errors	2	1.99726	1.832	0	3262.02	263	5	413.075	415.072	29	30
interval_errors	2	8.55445	8.6915	0	3262.02	263	5	404.521	413.075	28	29
interval_errors	2	23.416	22.9861	0	3262.02	263	5	381.105	404.521	27	28
interval_errors	2	5.96729	5.8974	0	3262.02	263	5	375.137	381.105	26	27
interval_errors	2	5.15083	5.1389	0	3262.02	263	5	369.986	375.137	25	26
interval_errors	2	3.98024	3.8927	0	3262.02	263	5	366.006	369.986	24	25
interval_errors	2	17.5789	17.429	0	3262.02	263	5	348.427	366.006	23	24
interval_errors	2	2.99385	2.9305	0	3262.02	263	5	345.433	348.427	22	23
interval_errors	2	14.385	14.3475	0	3262.02	263	5	331.048	345.433	21	22
interval_errors	2	3.09642	3.0251	0	3262.02	263	5	327.952	331.048	20	21
interval_errors	2	18.0039	17.8652	0	3262.02	263	5	309.948	327.952	19	20
interval_errors	2	7.31547	7.3012	0	3262.02	263	5	302.633	309.948	18	19
interval_errors	2	33.2977	33.0634	0	3262.02	263	5	269.335	302.633	17	18
interval_errors	2	5.72287	5.6507	0	3262.02	263	5	263.612	269.335	16	17
interval_errors	2	4.85232	4.7738	0	3262.02	263	5	258.76	263.612	15	16
interval_errors	2	4.23181	4.1456	0	3262.02	263	5	254.528	258.76	14	15
interval_errors	2	13.2981	13.5677	0	3262.02	263	5	241.23	254.528	10	14
interval_errors	2	4.34356	4.2827	0	2015.64	179	3	1687.62	1691.96	156	158
interval_errors	2	11.1477	11.2757	0	2015.64	179	3	1676.47	1687.62	155	156
interval_errors	2	2.32283	2.1715	0	2015.64	179	3	1674.15	1676.47	154	155
interval_errors	2	6.43063	6.6648	0	2015.64	179	3	1667.72	1674.15	153	154
interval_errors	2	5.10287	5.1545	0	2015.64	179	3	1662.61	1667.72	152	153
interval_errors	2	19.5501	19.7529	0	2015.64	179	3	1643.06	1662.61	151	152
interval_errors	2	3.47505	3.4075	0	2015.64	179	3	1639.59	1643.06	150	151
interval_errors	2	3.38524	3.3784	0	2015.64	179	3	1636.2	1639.59	149	150
interval_errors	2	20.2625	20.2732	0	2015.64	179	3	1615.94	1636.2	148	149
interval_errors	2	4.34866	4.3851	0	2015.64	179	3	1611.59	1615.94	147	148
interval_errors	2	10.5884	10.6779	0	2015.64	179	3	1601	1611.59	146	147
interval_errors	2	10.7456	10.8064	0	2015.64	179	3	1590.26	1601	145	146
interval_errors	2	8.60547	8.6362	0	2015.64	179	3	1581.65	1590.26	144	145
interval_errors	2	29.6466	29.4283	0	2015.64	179	3	1552.01	1581.65	143	144
interval_errors	2	7.34966	7.4282	0	2015.64	179	3	1544.66	1552.01	142	143
interval_errors	2	26.1772	26.201	0	2015.64	179	3	1518.48	1544.66	141	142
interval_errors	2	10.3282	10.2581	0	2015.64	179	3	1508.15	1518.48	140	141
interval_errors	2	8.06457	8.1592	0	2015.64	179	3	1500.09	1508.15	139	140
interval_errors	2	3.3883	3.5573	0	2015.64	179	3	1496.7	1500.09	138	139
interval_errors	2	1.96664	2.1064	0	2015.64	179	3	1494.73	1496.7	137	138
interval_errors	2	9.36478	8.9601	0	2015.64	179	3	1485.37	1494.73	135	137
interval_errors	2	2.65043	2.493	0	2015.64	179	3	1482.72	1485.37	134	135
interval_errors	2	12.156	12.2627	0	2015.64	179	3	1470.56	1482.72	133	134
interval_errors	2	18.5357	18.3938	0	2015.64	179	3	1452.02	1470.56	131	133
interval_errors	2	32.4803	33.1351	0	2015.64	179	3	1419.54	1452.02	130	131
interval_errors	2	7.56755	7.5879	0	2015.64	179	3	1411.98	1419.54	129	130
interval_errors	2	4.8268	4.9479	0	2015.64	179	3	1407.15	1411.98	128	129
interval_errors	2	23.2905	23.0852	0	2015.64	179	3	1383.86	1407.15	126	128
interval_errors	2	2.87189	2.7039	0	2015.64	179	3	1380.99	1383.86	124	126
interval_errors	2	1.54821	1.7789	0	2015.64	179	3	1379.44	1380.99	123	124
interval_errors	2	2.21464	2.824	0	2015.64	179	3	1377.23	1379.44	122	123
interval_errors	2	2.18862	1.9186	0	2015.64	179	3	1375.04	1377.23	121	122
interval_errors	2	10.7665	10.8364	0	2015.64	179	3	1364.27	1375.04	120	121
interval_errors	2	12.6184	12.3651	0	2015.64	179	3	1351.65	1364.27	118	120
interval_errors	2	40.5219	40.6134	0	2015.64	179	3	1311.13	1351.65	116	118
interval_errors	2	13.6828	13.7842	0	2015.64	179	3	1297.45	1311.13	115	116
interval_errors	2	4.03126	4.078	0	2015.64	179	3	1293.42	1297.45	114	115
interval_errors	2	11.5131	11.6311	0	2015.64	179	3	1281.9	1293.42	113	114
interval_errors	2	3.53118	3.4961	0	2015.64	179	3	1278.37	1281.9	112	113
interval_errors	2	5.47538	5.6271	0	2015.64	179	3	1272.9	1278.37	111	112
interval_errors	2	5.21513	5.2232	0	2015.64	179	3	1267.68	1272.9	110	111
interval_errors	2	8.05028	8.168	0	2015.64	179	3	1259.63	1267.68	109	110
interval_errors	2	7.73901	7.902	0	2015.64	179	3	1251.89	1259.63	108	109
interval_errors	2	10.5609	10.7915	0	2015.64	179	3	1241.33	1251.89	107	108
interval_errors	2	29.9579	30.4156	0	2015.64	179	3	1211.37	1241.33	106	107
interval_errors	2	22.0464	22.4623	0	2015.64	179	3	1189.33	1211.37	105	106
interval_errors	2	15.0228	15.1487	0	2015.64	179	3	1174.3	1189.33	104	105
interval_errors	2	3.01528	3.3699	0	2015.64	179	3	1171.29	1174.3	103	104
interval_errors	2	1.80182	1.5682	0	2015.64	179	3	1169.49	1171.29	102	103
interval_errors	2	82.2827	79.5964	0	2015.64	179	3	1087.2	1169.49	101	102
interval_errors	2	16.2822	16.7084	0	2015.64	179	3	1070.92	1087.2	100	101
interval_errors	2	1.95236	1.6874	0	2015.64	179	3	1068.97	1070.92	99	100
interval_errors	2	9.66585	9.8708	0	2015.64	179	3	1059.3	1068.97	98	99
interval_errors	2	6.37858	6.4219	0	2015.64	179	3	1052.92	1059.3	97	98
interval_errors	2	12.9766	13.1366	0	2015.64	179	3	1039.95	1052.92	96	97
interval_errors	2	4.96611	4.6238	0	2015.64	179	3	1034.98	1039.95	94	96
interval_errors	2	7.65124	8.2048	0	2015.64	179	3	1027.33	1034.98	93	94
interval_errors	2	5.35291	5.3477	0	2015.64	179	3	1021.98	1027.33	92	93
interval_errors	2	21.1641	21.3033	0	2015.64	179	3	1000.81	1021.98	91	92
interval_errors	2	21.4856	21.5317	0	2015.64	179	3	979.328	1000.81	90	91
interval_errors	2	16.0404	16.1608	0	2015.64	179	3	963.288	979.328	89	90
interval_errors	2	3.40974	3.5467	0	2015.64	179	3	959.878	963.288	88	89
interval_errors	2	3.13877	3.0713	0	2015.64	179	3	956.739	959.878	87	88
interval_errors	2	20.2181	20.6198	0	2015.64	179	3	936.521	956.739	86	87
interval_errors	2	15.428	15.7402	0	2015.64	179	3	921.093	936.521	85	86
interval_errors	2	2.86934	2.9774	0	2015.64	179	3	918.224	921.093	84	85
interval_errors	2	30.6749	30.4517	0	2015.64	179	3	887.549	918.224	82	84
interval_errors	2	5.0896	5.1048	0	2015.64	179	3	882.459	887.549	81	82
interval_errors	2	46.2473	45.623	0	2015.64	179	3	836.212	882.459	80	81
interval_errors	2	4.29355	4.2699	0	2015.64	179	3	831.918	836.212	79	80
interval_errors	2	2.64226	2.5089	0	2015.64	179	3	829.276	831.918	78	79
interval_errors	2	16.7517	17.1633	0	2015.64	179	3	812.524	829.276	77	78
interval_errors	2	18.2739	18.6303	0	2015.64	179	3	794.251	812.524	76	77
interval_errors	2	27.5131	27.5232	0	2015.64	179	3	766.737	794.251	75	76
interval_errors	2	16.1424	16.451	0	2015.64	179	3	750.595	766.737	74	75
interval_errors	2	10.7875	10.912	0	2015.64	179	3	739.808	750.595	73	74
interval_errors	2	7.62879	8.3778	0	2015.64	179	3	732.179	739.808	72	73
interval_errors	2	19.5052	18.8958	0	2015.64	179	3	712.674	732.179	70	72
interval_errors	2	17.9856	18.471	0	2015.64	179	3	694.688	712.674	69	70
interval_errors	2	1.56454	1.6122	0	2015.64	179	3	693.123	694.688	68	69
interval_errors	2	4.07413	3.4016	0	2015.64	179	3	689.049	693.123	66	68
interval_errors	2	15.6699	15.5199	0	2015.64	179	3	673.379	689.049	64	66
interval_errors	2	2.68819	3.0192	0	2015.64	179	3	670.691	673.379	63	64
interval_errors	2	20.1175	20.5683	0	2015.64	179	3	650.574	670.691	62	63
interval_errors	2	2.37896	2.0796	0	2015.64	179	3	648.195	650.574	61	62
interval_errors	2	19.7154	20.0822	0	2015.64	179	3	628.479	648.195	60	61
interval_errors	2	6.21835	6.3201	0	2015.64	179	3	622.261	628.479	59	60
interval_errors	2	31.994	31.9417	0	2015.64	179	3	590.267	622.261	58	59
interval_errors	2	8.82082	8.9454	0	2015.64	179	3	581.446	590.267	57	58
interval_errors	2	15.6132	15.8062	0	2015.64	179	3	565.833	581.446	56	57
interval_errors	2	10.9727	11.0306	0	2015.64	179	3	554.86	565.833	55	56
interval_errors	2	3.00967	3.0074	0	2015.64	179	3	551.851	554.86	54	55
interval_errors	2	11.0957	11.2277	0	2015.64	179	3	540.755	551.851	53	54
interval_errors	2	13.9594	14.0737	0	2015.64	179	3	526.795	540.755	52	53
interval_errors	2	43.5948	44.1753	0	2015.64	179	3	483.201	526.795	51	52
interval_errors	2	20.7595	20.6018	0	2015.64	179	3	462.441	483.201	49	51
interval_errors	2	9.98121	10.5754	0	2015.64	179	3	452.46	462.441	48	49
interval_errors	2	3.49036	3.2805	0	2015.64	179	3	448.97	452.46	47	48
